[SETUP]
AVENGERBOUGT = 1
LIVERY = 33
AVENGERPOSITION = X:1712.517 Y:4785.382 Z:49.22963
X = 1712.517
Y = 4785.382
Z = 49.22963
WEAPONS = 1
VHEADING = 176.0237

